 x | y1 | y2 | e1 | e2
 0 | 1,01 | 3 | 0 | 0
 0,1 | 1,01208457064582 | 2,99681391631237
 0,2 | 1,01426822453716 | 2,99331507091287 | 1,03853626081118E-05 | 1,09668492953574E-07
 0,5 | 1,01889342483949 | 2,98539051680948
 0,7 | 1,02373419606228 | 2,97629682724812 | 0,000130902417901702 | 7,24710898567515E-05
 0,9 | 1,02860751022168 | 2,9661898112478
 1,1 | 1,03327889509614 | 2,95531831654779 | 0,000221500173756883 | 0,000235241993717494
 1,2 | 1,03543369911741 | 2,9497246992209
 1,3 | 1,03742410624865 | 2,9440872069742 | 3,78766323927415E-05 | 5,20299139332714E-05
 1,6 | 1,04078029897255 | 2,93286783827602
 1,8 | 1,04294313323177 | 2,92227136577759 | 0,00034856155149221 | 0,000545367245827322
 1,9 | 1,0434310995856 | 2,91745466784204
 2 | 1,04347282778852 | 2,91305651531079 | 4,73350090799407E-05 | 8,92455037000417E-05
 2,3 | 1,04207554404629 | 2,9057992386726
 2,5 | 1,03834926652273 | 2,90136607660468 | 0,000355947675313439 | 0,000783222076425449
 2,6 | 1,03550049394516 | 2,9005060358056
 2,7 | 1,03197192257722 | 2,9006440174498 | 3,18809671089326E-05 | 9,85188206903409E-05
 3 | 1,02282484954216 | 2,90417205326618
 3,2 | 1,0108020508532 | 2,91269029288544 | 0,000131554234108711 | 0,000702866687541714
 3,3 | 1,00373201596094 | 2,91901637958876
 3,4 | 0,995990914530434 | 2,92675470542114 | 1,23118206653006E-05 | 5,63794979169252E-05
 3,7 | 0,978606186752154 | 2,94655417614093
 3,9 | 0,959008192876307 | 2,97228365074589 | 0,000263891888677703 | 0,000222973014066596
 4 | 0,948554175994386 | 2,98734908962767
 4,1 | 0,937744650412095 | 3,00383495721572 | 6,29293146043874E-05 | 2,33665897311219E-05
 4,4 | 0,915285966965762 | 3,04093650251064
 4,6 | 0,892322024096362 | 3,0831172579868 | 0,000613015709164721 | 0,000440371995702016
 4,7 | 0,880906062213875 | 3,10587311525308
 4,8 | 0,86962296249173 | 3,12963316244126 | 9,37952744506365E-05 | 0,000102593299777798
 4,9 | 0,858556969297937 | 3,15429564269448
 5 | 0,847791184006112 | 3,1797515603395 | 9,82166556848796E-05 | 0,000123970481135771
 5,1 | 0,837407095869883 | 3,20588529121616
 5,2 | 0,827484265791564 | 3,2325750797835 | 0,000100291058647506 | 0,00014246232070958
 5,25 | 0,822726402970026 | 3,2460793593781
 5,3 | 0,818112843067025 | 3,25967373960159 | 1,26651243138598E-05 | 1,96523809403715E-05
 5,45 | 0,809343288131849 | 3,2870858049888
 5,55 | 0,801261497005955 | 3,31465450387271 | 0,000100568882076546 | 0,00016584240470463
 5,6 | 0,797507368837409 | 3,32844178278717
 5,65 | 0,793952257813244 | 3,34221288723192 | 1,25270430931801E-05 | 2,22687631548091E-05
 5,8 | 0,787462295895008 | 3,36965285601714
 5,9 | 0,781875683121578 | 3,39679510501483 | 0,000100197411154301 | 0,000187143533690204
 5,95 | 0,779450169501861 | 3,41019052206578
 6 | 0,777278213286938 | 3,42344743652522 | 1,25531016235136E-05 | 2,5003755764974E-05
 6,15 | 0,77372112373824 | 3,44948086555421
 6,24999999999999 | 0,771297888449256 | 3,47468151683218 | 0,000103128089551374 | 0,000212439314220436
 6,29999999999999 | 0,770545305355859 | 3,48689184316357
 6,34999999999999 | 0,770110173312041 | 3,49881456221394 | 1,33557526301731E-05 | 2,8910409977545E-05
 6,49999999999999 | 0,770229827774198 | 3,52171104923545
 6,59999999999999 | 0,771782195183529 | 3,54309410520285 | 0,000115421761691992 | 0,000252432537475755
 6,64999999999999 | 0,773143318479237 | 3,55311474729275
 6,69999999999999 | 0,774913602812049 | 3,56264817717718 | 1,60191216103112E-05 | 3,59347670868537E-05
 6,84999999999999 | 0,779746375578635 | 3,58012577147666
 6,94999999999999 | 0,786481234684672 | 3,5951276868077 | 0,000149101228561488 | 0,000328055990574949
 6,99999999999999 | 0,790641357326967 | 3,6015461972547
 7,04999999999999 | 0,795366165314588 | 3,60717831686678 | 2,29717998393442E-05 | 5,01783239772458E-05
 7,19999999999999 | 0,806632982333466 | 3,61587272011994
 7,29999999999999 | 0,820648246278534 | 3,62056351925697 | 0,000233111651123608 | 0,000486028272133066
 7,34999999999999 | 0,828836405275392 | 3,62114830282178
 7,39999999999999 | 0,837884901555898 | 3,62044265541663 | 4,05005536613379E-05 | 8,14450901835961E-05
 7,54999999999999 | 0,858812828278672 | 3,61477547857032
 7,64999999999999 | 0,884170725940084 | 3,60238227853715 | 0,000445127890764563 | 0,000842908250052066
 7,69999999999999 | 0,898822679313175 | 3,59317242610807
 7,74999999999999 | 0,914947636879646 | 3,58172189903428 | 8,61656804281852E-05 | 0,000155407472184343
 7,79999999999999 | 0,932702557129011 | 3,56779641167801
 7,84999999999999 | 0,952266736103133 | 3,55113097124043 | 0,000114495866610387 | 0,000199241222946789
 7,87499999999999 | 0,962798947395593 | 3,54166361277387
 7,89999999999999 | 0,973863451543899 | 3,5313941811748 | 1,83789201988471E-05 | 3,12370647623794E-05
 7,97499999999999 | 0,997691244821452 | 3,50830607780197
 8,02499999999999 | 1,02403445210174 | 3,48145167880501 | 0,000178515082097208 | 0,00029587774632045
 8,04999999999999 | 1,03825639425493 | 3,46645554485949
 8,07499999999999 | 1,05322575079821 | 3,45034736828178 | 2,88399669674533E-05 | 4,68737036274369E-05
 8,14999999999999 | 1,08555368782782 | 3,41459011041575
 8,19999999999999 | 1,1214316354059 | 3,37358257679997 | 0,000277824151519113 | 0,000443432935082644
 8,22499999999999 | 1,14085531628604 | 3,35088657752051
 8,24999999999999 | 1,16133289910877 | 3,32663827078549 | 4,40962960250868E-05 | 6,95744039069801E-05
 8,32499999999999 | 1,20564099792828 | 3,27321212972545
 8,37499999999999 | 1,25489295720128 | 3,21250928160109 | 0,000407761864917866 | 0,000640464303677035
 8,4 | 1,28155960327611 | 3,17914553537545
 8,425 | 1,30965168086525 | 3,14367224782082 | 5,96920555322455E-05 | 9,44921725301029E-05
 8,5 | 1,37027468482699 | 3,06612533016392
 8,55 | 1,43719698949533 | 2,97909474984883 | 0,000480719131692009 | 0,000787258153097881
 8,575 | 1,47311843153272 | 2,93180447049962
 8,6 | 1,51066390485516 | 2,88197177317636 | 5,11231164350701E-05 | 9,21224730832115E-05
 8,675 | 1,59045176680162 | 2,77473352831231
 8,725 | 1,67600218193333 | 2,65759011708361 | 0,000186731411706109 | 0,000503192473400915
 8,75 | 1,72055911349867 | 2,59558284178536
 8,775 | 1,76600202996787 | 2,53156303404809 | 3,2789583559012E-05 | 6,10437499881655E-06
 8,85 | 1,8583923538796 | 2,39858453662911
 8,9 | 1,95012764410612 | 2,26161808660615 | 0,000724223618290498 | 0,000644103223611303
 8,925 | 1,9945182697175 | 2,19291172466619
 8,95 | 2,03727517725815 | 2,12474646338894 | 0,000133559851622778 | 0,000164965989545518
 8,9625 | 2,05786725834866 | 2,09105800772839
 8,975 | 2,07785352269521 | 2,05772155055406 | 1,59718153400767E-05 | 2,2953209339871E-05
 9,0125 | 2,1157686343117 | 1,99236871284129
 9,0375 | 2,15051908043705 | 1,92926923696092 | 9,68694096092904E-05 | 0,000167105205689744
 9,0625 | 2,18167263495639 | 1,86894021820749
 9,0875 | 2,2088672688066 | 1,81183858857219 | 2,80894577162627E-05 | 0,00012022606162243
 9,1125 | 2,23182441153706 | 1,75834590647758
 9,1375 | 2,25035685306037 | 1,70875823563672 | 5,95351731607074E-05 | 4,717669415788E-05
 9,2125 | 2,27371916405703 | 1,62206483066889
 9,2625 | 2,27930259477734 | 1,55243332682441 | 0,00144884029227432 | 0,000562533494173012
 9,28750000000001 | 2,27596231205892 | 1,5238073642144
 9,31250000000001 | 2,26878723714988 | 1,49914924017487 | 0,000238954496512456 | 0,000139521130050113
 9,325 | 2,26386332896891 | 1,4882413146818
 9,3375 | 2,25808707217145 | 1,47825272923135 | 3,0181351575731E-05 | 1,92531590790246E-05
 9,375 | 2,24409783888737 | 1,46094447181097
 9,4 | 2,22715375309077 | 1,4469796400135 | 0,000240138557648706 | 0,000161684722315147
 9,4125 | 2,21768236540456 | 1,44116874078223
 9,425 | 2,2075843584456 | 1,43610688501716 | 2,77767290692843E-05 | 1,96613316805205E-05
 9,4625 | 2,18562647477055 | 1,42813507410096
 9,4875 | 2,16158834148552 | 1,42282020155761 | 0,000207790687482223 | 0,000151500081802647
 9,5 | 2,14888387999707 | 1,42108280177183
 9,5125 | 2,1357559082374 | 1,41993046182902 | 2,29805269134076E-05 | 1,74478355741137E-05
 9,55 | 2,10832665703136 | 1,41929900309008
 9,575 | 2,07954900022998 | 1,42071992478035 | 0,000166343935085855 | 0,000129194687706224
 9,5875 | 2,06472861929002 | 1,42213768434017
 9,6 | 2,04964588665927 | 1,42400476394509 | 1,80506362368327E-05 | 1,45901244101854E-05
 9,6375 | 2,01876615208757 | 1,42902346849466
 9,6625 | 1,98709581019148 | 1,43561568702089 | 0,00012865374085691 | 0,000106355318905793
 9,675 | 1,97101885967269 | 1,43945392485695
 9,6875 | 1,95479877664236 | 1,44363720513303 | 1,39107369692137E-05 | 1,19927075656889E-05
 9,725 | 1,92198069852933 | 1,45299243999398
 9,75 | 1,88877547751273 | 1,46356084386022 | 9,86314831943336E-05 | 8,7180529191544E-05
 9,825 | 1,82153335229809 | 1,48803195527873
 9,875 | 1,75388749463909 | 1,51628759672061 | 0,000618513592075098 | 0,000577554594160201
 9,9 | 1,72012300813795 | 1,53162718812462
 9,925 | 1,68645176821846 | 1,54771683560457 | 5,89682800549163E-05 | 6,0498786586205E-05
 10 | 1,61953761053268 | 1,58198860481987
 10,05 | 1,55354940211512 | 1,61866114482994 | 0,000371613206424204 | 0,000408553270355938
 10,075 | 1,52100773532553 | 1,63777269682288
 10,1 | 1,48879089246934 | 1,6573690807304 | 3,61103882375868E-05 | 4,38761512440156E-05
 10,175 | 1,42539873168078 | 1,69792392178807
 10,225 | 1,36358159831417 | 1,74003607682852 | 0,000224946261319303 | 0,000299283663134586
 10,25 | 1,33331892589262 | 1,76159015153134
 10,275 | 1,30349757383479 | 1,78345404850244 | 2,14563689473479E-05 | 3,23126779306904E-05
 10,35 | 1,24521329322843 | 1,82804321903163
 10,4 | 1,18884428613037 | 1,87358462341275 | 0,000126281252342153 | 0,000219536089168582
 10,425 | 1,16140843509652 | 1,89664541773832
 10,45 | 1,13447785987219 | 1,91988056972314 | 1,09698212520382E-05 | 2,34906711944483E-05
 10,525 | 1,08215424675237 | 1,9668140249039
 10,575 | 1,03193801894918 | 2,01420427249502 | 5,29675237332938E-05 | 0,00015659749748087
 10,625 | 0,983871160168083 | 2,06190277905552
 10,675 | 0,937985803561091 | 2,10976901257784 | 1,32579599980698E-05 | 0,000120974381072614
 10,725 | 0,894304244939437 | 2,15767091713109
 10,775 | 0,852838732799469 | 2,20548561753035 | 2,05648753204279E-05 | 8,9321001512932E-05
 10,925 | 0,776601689824457 | 2,3004738851658
 11,025 | 0,709136244485975 | 2,39387268262079 | 0,000510000171975222 | 0,000359567779806724
 11,075 | 0,678564576902234 | 2,43977836458854
 11,125 | 0,650060673941324 | 2,48509253073116 | 8,79556738341281E-05 | 1,63252407867631E-05
 11,275 | 0,599108132037645 | 2,57378798336643
 11,375 | 0,555607176854657 | 2,65973977601957 | 0,000846785545040807 | 7,80356191500964E-05
 11,475 | 0,5188897233648 | 2,74290199699294
 11,575 | 0,488239328382238 | 2,82334740267367 | 0,00084699008066208 | 0,000204501382590205
 11,625 | 0,474913660657546 | 2,8626109562925
 11,675 | 0,462839246374691 | 2,90125714224719 | 9,1366725360309E-05 | 2,63641087490107E-05
 11,825 | 0,442182509196225 | 2,97677827163006
 11,925 | 0,425510352106731 | 3,05016486257277 | 0,000650981864009526 | 0,000216162744265613
 11,975 | 0,418447077719714 | 3,08613980532448
 12,025 | 0,412168254262383 | 3,12166300201623 | 6,2685984796973E-05 | 2,15143558390807E-05
 12,175 | 0,401767776214581 | 3,19143789065522
 12,275 | 0,393784292103653 | 3,25970373302947 | 0,000413296908998273 | 0,000145424067577782
 12,325 | 0,39055577274663 | 3,2933300989467
 12,375 | 0,387795458571826 | 3,32663745166364 | 3,76767785674748E-05 | 1,30271561773476E-05
 12,525 | 0,383558824212619 | 3,39234875029614
 12,625 | 0,380762929244227 | 3,45696430977526 | 0,000239769616235841 | 8,00381722600996E-05
 12,725 | 0,37918791900563 | 3,52057210105397
 12,825 | 0,378655087357749 | 3,58323870340112 | 0,000165282116081966 | 5,07456710159282E-05
 12,925 | 0,379020684886669 | 3,64501170670328
 13,025 | 0,380170481724116 | 3,7059219442586 | 0,000116192259216052 | 3,14358604343035E-05
 13,125 | 0,382015130651921 | 3,7659854299474
 13,225 | 0,384486310291477 | 3,8252049393719 | 8,52054804755253E-05 | 1,91432582830053E-05
 13,525 | 0,391188376629893 | 3,94105269300015
 13,725 | 0,399959718980566 | 4,05327456901359 | 0,000479780039872757 | 5,46261338394416E-05
 13,925 | 0,410781592500025 | 4,16148713180844
 14,125 | 0,423809708629218 | 4,26511806313241 | 0,000353737637107221 | 4,52740954592912E-05
 14,325 | 0,439387248843652 | 4,36335853824208
 14,525 | 0,458094102807572 | 4,45507353675026 | 0,000276785788975387 | 0,00024228719496211
 14,625 | 0,468878850339714 | 4,49796648699204
 14,725 | 0,48083119503524 | 4,53855919669525 | 1,96290699742141E-05 | 8,39834865811184E-05
 15,025 | 0,509093833079524 | 4,61160560302481
 15,225 | 0,545263914575791 | 4,67043425897905 | 0,000343817013879866 | 0,00155357998281946
 15,325 | 0,567605515903566 | 4,6925282372782
 15,425 | 0,593765423209903 | 4,70840039384733 | 0,000275499339221885 | 0,000599020734534328
 15,475 | 0,608649438448073 | 4,71347193309575
 15,525 | 0,624959965869475 | 4,71633950250575 | 7,77978070138907E-05 | 0,000142673519697212
 15,575 | 0,642922720998774 | 4,71670092645567
 15,625 | 0,662813185991771 | 4,71419187063399 | 0,000129566840431417 | 0,000216584801432163
 15,65 | 0,673595824691957 | 4,71170771692343
 15,675 | 0,68499569319363 | 4,70832936976346 | 2,50144554236886E-05 | 3,96090953582728E-05
 15,75 | 0,709844650591932 | 4,69864407524756
 15,8 | 0,73791395560168 | 4,6844223638854 | 0,000288433154011725 | 0,000431810454271542
 15,825 | 0,753386563477037 | 4,67531469495101
 15,85 | 0,769936869747551 | 4,66472969194451 | 5,80641139941163E-05 | 8,33354161358102E-05
 15,925 | 0,806674292523785 | 4,63863865839473
 15,975 | 0,849313365683352 | 4,60467636313553 | 0,000692474789723452 | 0,00095060773603528
 16 | 0,873363232326867 | 4,58410485230106
 16,025 | 0,899504805013581 | 4,56081574313428 | 0,000148372712746703 | 0,000196901637528057
 16,0375 | 0,913455397766319 | 4,54803601574596
 16,05 | 0,928036478616385 | 4,53444759886991 | 2,47077213811897E-05 | 3,22827507766021E-05
 16,0875 | 0,959230799695188 | 4,50467954261866
 16,1125 | 0,993485648474432 | 4,47103524026712 | 0,000248685416942007 | 0,000319262126032172
 16,125 | 1,01191547164028 | 4,45257442582033
 16,1375 | 1,03128464800254 | 4,43293821215237 | 4,22564746942466E-05 | 5,35066760543046E-05
 16,175 | 1,0730685294607 | 4,38987557021969
 16,2 | 1,11949231689685 | 4,34107436482334 | 0,000430636050402278 | 0,000537007403159429
 16,2125 | 1,14470201688376 | 4,31421769489221
 16,225 | 1,17136109733858 | 4,28558779320409 | 7,4466084090119E-05 | 9,17781932372463E-05
 16,2625 | 1,22940070597984 | 4,22257845257799
 16,2875 | 1,29470311795822 | 4,15077106284956 | 0,00076318542447984 | 0,000929062325412566
 16,3 | 1,33050870130671 | 4,11106460117772
 16,3125 | 1,36860784082631 | 4,06860321503437 | 0,000132440788127575 | 0,000159825243717826
 16,31875 | 1,38858372997393 | 4,04626207464284
 16,325 | 1,40920365201155 | 4,02315007739274 | 1,94364862764473E-05 | 2,33711662165348E-05
 16,34375 | 1,45245540658239 | 3,97452137997136
 16,35625 | 1,49859117042762 | 3,9224506578905 | 0,000174024684070462 | 0,000208530989906919
 16,3625 | 1,52282157204838 | 3,89502955979812
 16,36875 | 1,54785786560406 | 3,86664865621284 | 2,51866620177843E-05 | 3,01193288816393E-05
 16,3875 | 1,60043869190904 | 3,80690147389457
 16,4 | 1,6565964713838 | 3,74289846365255 | 0,000221116036487334 | 0,000264144294087831
 16,40625 | 1,68610746129132 | 3,70919302011113
 16,4125 | 1,71660428741667 | 3,67431426253864 | 3,10248312116457E-05 | 3,70843920256547E-05
 16,43125 | 1,78064071226363 | 3,60093277202886
 16,44375 | 1,8489611934155 | 3,52244067898748 | 0,000261613424296092 | 0,000313748523592672
 16,45 | 1,88480941653968 | 3,48117617560008
 16,45625 | 1,92180243442645 | 3,43853928159265 | 3,43878513402451E-05 | 4,14867048799117E-05
 16,475 | 1,99926070308721 | 3,34908883457215
 16,4875 | 2,08147268108917 | 3,25388700800609 | 0,00026654145856142 | 0,000325803476132869
 16,49375 | 2,12438753209109 | 3,20408069945038
 16,5 | 2,16849084824268 | 3,15281398035058 | 3,02771075251229E-05 | 3,778611311267E-05
 16,51875 | 2,26016877525673 | 3,04597129802245
 16,53125 | 2,35630820056975 | 2,93349243955314 | 0,000190449662199388 | 0,000249153292526394
 16,5375 | 2,40594177107829 | 2,8752283949823
 16,54375 | 2,45652466057521 | 2,81570174426941 | 1,34850923809715E-05 | 1,97757133535426E-05
 16,5625 | 2,56019378473714 | 2,69318829567421
 16,575 | 2,66651023129646 | 2,5667124047362 | 1,43662175040582E-05 | 5,57327380499295E-05
 16,6125 | 2,88278223783468 | 2,30609808829563
 16,6375 | 3,09448733079958 | 2,04462906915716 | 0,00119335313506141 | 0,00109372206505443
 16,65 | 3,19459000371591 | 1,91770484761868
 16,6625 | 3,28880888518645 | 1,79544506538281 | 2,69465269520097E-05 | 8,5235357861535E-05
 16,7 | 3,4539754071132 | 1,57079289144186
 16,725 | 3,58204155393621 | 1,37953120860848 | 0,0031883419257821 | 0,00243540475680515
 16,7375 | 3,63161536565742 | 1,29734054174323
 16,75 | 3,67143382383768 | 1,22434717657643 | 0,000878330654881854 | 0,000757282438113238
 16,75625 | 3,68786603964559 | 1,19116347966467
 16,7625 | 3,70202855442311 | 1,16015398842698 | 0,000119707267102864 | 0,000105345279071356
 16,765625 | 3,70829086039408 | 1,1454376301182
 16,76875 | 3,71401617054708 | 1,1312395454706 | 1,49297269582682E-05 | 1,32357734752286E-05
 16,778125 | 3,7238860406471 | 1,10437294332346
 16,784375 | 3,7317475115131 | 1,07945947885066 | 0,000119782889226094 | 0,000106939124831174
 16,7875 | 3,73496286313424 | 1,06770201902485
 16,790625 | 3,73771275724343 | 1,05640070583325 | 1,43335473890005E-05 | 1,28585059042674E-05
 16,8 | 3,7418527340985 | 1,0351342616519
 16,80625 | 3,74428405966964 | 1,01555609341225 | 0,000111544097780136 | 0,000100524630910703
 16,809375 | 3,74489732463736 | 1,00636566879041
 16,8125 | 3,74512104264915 | 0,997563493194901 | 1,29428186856906E-05 | 1,17038366880262E-05
 16,821875 | 3,74443724475551 | 0,981090073109349
 16,828125 | 3,74234448086213 | 0,966034449660194 | 9,84578170948325E-05 | 8,93100287800985E-05
 16,846875 | 3,73422150372396 | 0,939912611321697
 16,859375 | 3,72158121075313 | 0,918440111025541 | 0,000694950661522586 | 0,000633385962654276
 16,865625 | 3,71381092652722 | 0,909223287273019
 16,871875 | 3,70514665753809 | 0,900951924320883 | 6,89344449291696E-05 | 6,30739292878379E-05
 16,890625 | 3,68535723408802 | 0,88704054425152
 16,903125 | 3,66280737873839 | 0,876155823824991 | 0,000464790926193448 | 0,000426522399183393
 16,909375 | 3,65066451731138 | 0,871693185208474
 16,915625 | 3,63799262443726 | 0,867837203316577 | 4,45442923830974E-05 | 4,10517907134533E-05
 16,934375 | 3,61120924351877 | 0,86180714083195
 16,946875 | 3,58284350796894 | 0,857705156073278 | 0,000294186804501884 | 0,000271938672600558
 16,953125 | 3,56817378924135 | 0,856277441178818
 16,959375 | 3,55321083501826 | 0,855235613672684 | 2,79297576857296E-05 | 2,5979738220272E-05
 16,978125 | 3,52249733225014 | 0,854222700003985
 16,990625 | 3,49094286724528 | 0,85444056767751 | 0,000183568437218895 | 0,000171529337431697
 16,996875 | 3,47491599947814 | 0,854948867657127
 17,003125 | 3,45874173584134 | 0,855705222460928 | 1,75527768617734E-05 | 1,65605255649792E-05
 17,021875 | 3,42600660629537 | 0,857909088340147
 17,034375 | 3,39288383617947 | 0,860912597669537 | 0,000116012819938227 | 0,000110252578393588
 17,040625 | 3,37621723770814 | 0,862675645812582
 17,046875 | 3,35949176455441 | 0,86460193723476 | 1,13018705096835E-05 | 1,08919694306042E-05
 17,065625 | 3,32589701835704 | 0,868912418024372
 17,078125 | 3,29218861324922 | 0,873757438001895 | 7,5650272070682E-05 | 7,36943119802325E-05
 17,115625 | 3,22462033190462 | 0,884864473288528
 17,140625 | 3,15727270560122 | 0,897439714229895 | 0,000431869481565261 | 0,000432010418372486
 17,153125 | 3,12379278285659 | 0,904163352156208
 17,165625 | 3,09046161297915 | 0,911155891449928 | 3,70442814587868E-05 | 3,87380508912738E-05
 17,203125 | 3,02430376221789 | 0,925883396479529
 17,228125 | 2,95898351773893 | 0,941417625648497 | 0,00022849847754669 | 0,000247952857660438
 17,240625 | 2,9266809851022 | 0,949435470153324
 17,253125 | 2,89461935051377 | 0,957614721274811 | 2,21934461146489E-05 | 2,5175740654082E-05
 17,290625 | 2,83122820293931 | 0,974438852314667
 17,315625 | 2,76887962710604 | 0,991792421830699 | 0,000146906670418723 | 0,000172930005636451
 17,328125 | 2,73811332079405 | 1,00064084344408
 17,340625 | 2,70761518304249 | 1,00960400604701 | 1,56529012702578E-05 | 1,90268443256425E-05
 17,378125 | 2,64741457993213 | 1,02787333090934
 17,403125 | 2,58830122171051 | 1,0465468668958 | 0,000108644585695483 | 0,000136315329036574
 17,415625 | 2,55915831569287 | 1,05601898635912
 17,428125 | 2,53028527742241 | 1,06558383579437 | 1,22030823010988E-05 | 1,56160840998343E-05
 17,465625 | 2,4733335326647 | 1,08499692500689
 17,490625 | 2,41744995336901 | 1,1047522297208 | 8,69385118811294E-05 | 0,000114304906688956
 17,515625 | 2,36262153836019 | 1,12483619402931
 17,540625 | 2,30883351270549 | 1,14523738759002 | 7,66320424774314E-05 | 0,000103330138588875
 17,565625 | 2,25606990338033 | 1,16594596601936
 17,590625 | 2,20431398169783 | 1,18695325207068 | 6,810910799393E-05 | 9,39800643002808E-05
 17,665625 | 2,1036957539596 | 1,22991888454409
 17,715625 | 2,00692221058991 | 1,27397301805606 | 0,000447772159366533 | 0,000649660498294624
 17,740625 | 1,95995942014622 | 1,29635543813999
 17,765625 | 1,91390162594077 | 1,31899552446578 | 4,81897186510594E-05 | 7,13699615861874E-05
 17,840625 | 1,82439678818844 | 1,36508597165273
 17,890625 | 1,73834622132108 | 1,41210970071196 | 0,000313368356018806 | 0,000493410216494183
 17,915625 | 1,69659924764601 | 1,43592498595057
 17,940625 | 1,65567279895919 | 1,45995309223505 | 3,26416074709623E-05 | 5,35518730473417E-05
 18,015625 | 1,57620785613252 | 1,50866050923267
 18,065625 | 1,49990439898404 | 1,55809972773567 | 0,000203886257498231 | 0,000366827406952819
 18,090625 | 1,46292541835513 | 1,58304809716543
 18,115625 | 1,42670784896279 | 1,60814996579337 | 1,99307738051324E-05 | 3,92143138416845E-05
 18,190625 | 1,35651156291325 | 1,65880288913432
 18,240625 | 1,28928537497327 | 1,70992072608501 | 0,000113152600050181 | 0,00026438682866492
 18,265625 | 1,2567770910505 | 1,73560776394397
 18,290625 | 1,22499371206281 | 1,76137351566542 | 9,49343861789131E-06 | 2,77464035471908E-05
 18,365625 | 1,16357785584121 | 1,81311082996238
 18,415625 | 1,1050168087235 | 1,86499243786521 | 3,82389054176535E-05 | 0,000182184061616297
 18,465625 | 1,04928150810781 | 1,9169054197976
 18,515625 | 0,996344358430698 | 1,96873678041127 | 3,97482245140246E-06 | 0,000136561570936333
 18,565625 | 0,946177187195924 | 2,02037547021965
 18,615625 | 0,8987492667975 | 2,0717144431202 | 4,04116027267198E-05 | 9,69778762915929E-05
 18,765625 | 0,81203582897968 | 2,17315958980174
 18,865625 | 0,735797442278045 | 2,27226859880997 | 0,000708129497090759 | 0,000344105368220493
 18,915625 | 0,701400082669396 | 2,32076722003054
 18,965625 | 0,669421883121898 | 2,36850514843364 | 0,00011302525663559 | 9,40167417118332E-06
 19,015625 | 0,639781171917112 | 2,41544503252486
 19,065625 | 0,612388661263734 | 2,46156142055518 | 0,000123916580893502 | 9,49783113979308E-06
 19,115625 | 0,587148421399422 | 2,50684014635677
 19,165625 | 0,563959072529914 | 2,5512774422648 | 0,000128119616829014 | 2,31111421218344E-05
 19,215625 | 0,542715117538929 | 2,59487884717942
 19,265625 | 0,523308339816177 | 2,63765798030308 | 0,000126378408083605 | 3,17474855004996E-05
 19,315625 | 0,505629197191393 | 2,67963524812773
 19,365625 | 0,489568153374934 | 2,72083654506758 | 0,000119879163134107 | 3,60628061737422E-05
 19,415625 | 0,475016900913808 | 2,76129199816484
 19,465625 | 0,461869443000203 | 2,80103479493967 | 0,000110036267322866 | 3,69530538453233E-05
 19,515625 | 0,450023014296221 | 2,84010012193358
 19,565625 | 0,439378832375912 | 2,878524230745 | 9,82567134781842E-05 | 3,53942552817621E-05
 19,715625 | 0,421411091313783 | 2,95356216876349
 19,815625 | 0,407163275428081 | 3,02647373521999 | 0,000670678734775831 | 0,000259893285273094
 19,865625 | 0,401208988038862 | 3,06222846660064
 19,915625 | 0,395971051270184 | 3,0975458088767 | 6,20736306471414E-05 | 2,43059562579084E-05
